PRESSURE: 99.49
TEMPERATURE: 25.2 degrees C

1
offset_before: -107.93
reading: -411.82
offset_after: -107.33

2.65 m/s

2.37
2.39
2.40
2.57
2.59
2.43
2.41
2.40
2.40
2.57
2.43
2.57
2.43
2.57
2.60
2.43
2.57
2.43
2.40
2.40
2.40
2.57
2.43
2.40
2.57
2.43
2.40
2.40
2.40
2.40
2.40
2.40
2.40
2.57
2.43

2
offset_before: -107.33
reading: -783.79
offset_after: -109.53

3.95 m/s

4.43
4.40
4.40
4.57
4.43
4.40
4.57
4.59
4.43
4.41
4.57
4.43
4.57
4.43
4.40
4.40
4.57
4.43
4.57
4.43
4.57
4.43
4.40
4.40
4.40
4.40
4.57
4.59
4.43
4.41
4.40
4.40
4.57
4.59
4.43
4.41
4.57

3
offset_before: -109.53
reading: -1153.7
offset_after: -109.42

4.91 m/s

6.00
6.00
6.00
6.00
6.00
6.00
6.00
6.00
6.00
6.00
6.00
6.00
5.83
5.81
5.80
5.80
6.13
6.02
6.00
6.17
6.03
6.00
6.00
6.00
6.00
5.83
5.97
6.00
6.00
6.00
6.00
5.83
5.97
6.00
6.00

4
offset_before: -109.42
reading: -1566.6
offset_after: -101.28

5.81 m/s

6.87
6.98
7.00
7.17
7.03
7.00
7.17
7.03
7.00
7.17
7.19
7.20
7.03
7.01
7.17
7.03
7.00
7.17
7.03
7.00
7.00
7.17
7.03
7.17
7.03
7.17
7.20
7.20
7.03
7.01
7.00
7.17
7.19
7.03
7.01
7.00
7.17
7.19
7.03
7.01

5
offset_before: -101.28
reading: -2180.0
offset_after: -105.75

6.93 m/s

8.60
8.60
8.77
8.63
8.60
8.60
8.60
8.77
8.63
8.60
8.60
8.60
8.77
8.46
8.58
8.60
8.60
8.77
8.63
8.60
8.77
8.63
8.60
8.60
8.60
8.60
8.60
8.60
8.43
8.74
8.46
8.74
8.46
8.74
8.62
8.60
8.60
8.60
8.60
8.60

6
offset_before: -104.68
reading: -2823.2
offset_after: -105.52

7.93 m/s

9.97
10.00
10.00
9.83
9.97
10.00
10.00
9.83
9.81
9.97
9.99
9.83
9.81
9.80
9.80
9.97
9.83
9.97
10.00
10.00
10.00
10.00
10.00
10.00
10.00
10.00
10.00

8
offset_before: -105.52
reading: -3938.6
offset_after: -105.28

9.52 m/s

12.00
12.00
11.83
11.81
11.80
11.97
11.99
12.00
11.83
11.81
11.97
11.99
12.00
12.00
12.00
12.00
11.83
11.81
11.97
11.83
11.97
11.83
11.80
11.97
11.83
11.80
11.80
11.97
11.83
11.80
11.80
11.97
11.99
12.00
12.00
12.00
12.00
11.83
11.81

9
offset_before: -105.28
reading: -4888.0
offset_after: -105.20

10.52 m/s

13.37
13.40
13.40
13.57
13.26
13.21
13.20
13.37
13.23
13.54
13.42
13.40
13.23
13.37
13.23
13.37
13.40
13.40
13.40
13.57
13.26
13.38
13.23
13.37
13.23
13.37
13.40
13.40
13.40
13.40
13.40
13.40
13.40
13.40
13.57
13.43
13.40
13.40
13.40
13.57

